1 0.402357 -0.0298188 0.40346
2 0.814626 0.0810405 0.818647
3 0.770261 -0.0107749 0.770336
4 0.858793 0.0166194 0.858954
5 1.00762 -0.149957 1.01871
6 1.28475 0.0544867 1.28591
7 1.60887 0.0587999 1.60995
8 1.54467 -0.0739542 1.54644
9 1.55323 -0.423724 1.60999
10 2.48769 -0.094688 2.48949
11 2.60347 -0.105285 2.60559
12 3.24565 0.0403852 3.2459
13 3.59477 0.221386 3.60158
14 3.43286 -0.126664 3.43519
15 3.55393 0.0263649 3.55403
16 3.19355 -0.241568 3.20267
17 2.2005 -0.612732 2.28421
18 2.81315 0.149183 2.8171
19 2.54405 0.282967 2.55974
20 1.55118 -0.303572 1.5806
21 1.25647 -0.322371 1.29716
22 1.33739 0.157313 1.34661
23 0.52466 -0.0145976 0.524863
24 0.17326 -0.217073 0.277741
25 -0.140463 -0.471581 0.492055
26 0.595135 0.0457407 0.59689
27 0.80181 0.558457 0.977125
28 -0.072189 -0.0362439 0.0807766
29 -0.631514 -0.436792 0.767852
30 0.0035104 -0.014739 0.0151513
31 -0.383239 -0.0954171 0.394939
32 -0.395037 0.00608759 0.395084
33 -1.43539 -0.638838 1.57113
34 -0.763307 -0.274458 0.811151
35 -0.846977 -0.169151 0.863702
36 -0.869238 -0.108245 0.875952
37 -0.817861 -0.118953 0.826467
38 -1.13039 -0.167618 1.14275
39 -1.11321 -0.496257 1.21881
40 -1.02596 -0.47217 1.1294
41 -1.05939 -0.469111 1.1586
42 -0.557261 -0.123991 0.570889
43 -0.669638 -0.314717 0.739906
44 -0.955747 -0.409726 1.03987
45 -1.0205 -0.313254 1.0675
46 -0.6383 0.0436736 0.639793
47 -0.750226 0.103246 0.757297
48 -0.409565 0.204847 0.457937
49 -0.820782 -0.0779897 0.824479
50 -1.40725 -0.161141 1.41644
51 -0.768005 0.119079 0.777182
52 -0.603473 0.326261 0.686022
53 -0.835497 -0.0968745 0.841095
54 -1.05843 -0.307553 1.1022
55 -1.00373 -0.288718 1.04443
56 -0.322368 0.167489 0.363282
57 -1.36709 -0.417531 1.42943
58 -1.7358 -0.38502 1.77799
59 -1.36107 -0.428882 1.42704
60 -0.907802 -0.207751 0.93127
61 -0.416359 -0.00990634 0.416476
62 -1.01601 -0.399944 1.09189
63 -1.22818 -0.510837 1.33018
64 -1.10349 -0.374286 1.16523
65 -1.02096 -0.260832 1.05375
66 -1.04978 -0.288332 1.08865
67 -1.84508 -0.78421 2.00482
68 -1.76995 -0.626256 1.87748
69 -1.13484 -0.175866 1.14839
70 -1.29929 -0.272815 1.32762
71 -1.26084 -0.229906 1.28163
72 -0.980678 -0.097041 0.985467
73 -1.64082 -0.358619 1.67955
74 -0.933706 -0.768526 1.20931
75 -1.59214 -0.678063 1.73051
76 -1.31824 -0.684452 1.48534
77 -0.796656 -0.141556 0.809135
78 -1.07641 0.0343592 1.07696
79 -0.949489 -0.0958975 0.95432
80 -0.974236 -0.199047 0.994362
81 -0.979573 -0.127503 0.987836
82 -0.537112 0.287645 0.609286
83 -0.953415 0.0657668 0.955681
84 -0.962251 -0.0781714 0.965421
85 -1.24565 -0.463527 1.3291
86 -1.29057 -0.472817 1.37446
87 -1.25252 -0.390703 1.31204
88 -0.824943 -0.37958 0.908081
89 -0.992572 -0.416977 1.0766
90 -1.01598 -0.557028 1.15866
91 -0.866916 -0.413644 0.960544
92 -1.22251 -0.310972 1.26144
93 -1.00922 -0.103631 1.01453
94 -1.1974 -0.412764 1.26655
95 -0.925913 -0.443052 1.02646
96 -1.1101 -0.501709 1.21821
97 -0.916622 -0.201407 0.938488
98 -0.953465 -0.109244 0.959703
99 -1.10855 -0.342331 1.1602
100 -1.2286 -0.465728 1.31391
101 -1.19424 -0.434675 1.27088
102 -1.41299 -0.265066 1.43764
103 -1.67532 -0.356137 1.71276
104 -0.822392 -0.0953328 0.827899
105 -1.53431 -0.328247 1.56903
106 -1.50629 -0.345605 1.54543
107 -1.40019 -0.230738 1.41907
108 -1.39372 -0.201209 1.40817
109 -1.02409 -0.05238 1.02543
110 -0.88861 -0.10478 0.894766
111 -1.38462 -0.33913 1.42555
112 -1.52317 -0.461689 1.59161
113 -0.689362 -0.183111 0.713266
114 -0.961664 -0.435817 1.05581
115 -0.780453 -0.324518 0.845233
